procs -----------memory---------- ---swap-- -----io---- -system-- ------cpu-----
 r  b   swpd   free   buff  cache   si   so    bi    bo   in   cs us sy id wa st
 0  0      0 1254720 1196644 14196400    0    0    16    30   35    6  8  1 91  0  0
 0  0      0 1241364 1196644 14209520    0    0     0     0 3708 7094  3  1 96  0  0
 0  0      0 1238592 1196644 14209728    0    0     0     0 5855 7670  2  1 97  0  0
 0  0      0 1254072 1196644 14195760    0    0     0   188 9064 9331  2  1 98  0  0
 1  0      0 1243776 1196644 14207144    0    0     0     0 9992 10832  2  1 98  0  0
 0  0      0 1242520 1196644 14207324    0    0     0     0 8955 9612  2  1 97  0  0
 1  0      0 1257496 1196660 14199152    0    0     0   320 3890 7081  4  1 95  0  0
 0  0      0 1256500 1196660 14196984    0    0     0     0 3703 6654  3  1 96  0  0
 0  0      0 1254232 1196660 14196368    0    0     0     0 3807 6730  3  1 96  0  0
 0  0      0 1254260 1196660 14196692    0    0     0   408 5281 8149  4  1 95  0  0
My computer has 32 GB of RAM, so allocating 10MB does not force swapping, 
however, with a large amount of allocated memory, this will not be the case. 
Thus, all values of "si" and "so" are equal to 0.
